# 4

1
8 5 1
BBBRRBRRR
RRBRRR
GG

1
1 4 9
RR
GGBBB
BBGGBBBBBB

1
5 5 5
RGRGRG
RRRRRR
GGGGGG


1
5 5 5
RGRGRG
GBGBGB
RBRBRB


1
5 5 5
RGBRGB
RGBRGB
RGBRGB

1
5 5 1
BBRRBB
RRBBRR
GG


6
3 3 2
BBRR
BBRR
GGB
8 5 1
BBBRRBRRR
RRBRRR
GG
1 1 1
RB
GR
BG
2 2 2
RRB
GGG
BBR
2 2 2
RRR
GGG
BBB
8 9 7
BBBRRBRRR
RRBRRRGGGG
GGBGGRGG

# 2

1
5 0 1
1 1 1 1 1
1000000000 1000000000 1000000000 1000000000 1000000000
1000 1000 1000 1000 1000


1
4 9 10
10 10 10 9
100 100 100 1000
3 3 3 1


5
4 0 10
10 10 10 1
100 100 100 100
4 3 2 1
4 10 10
10 10 10 1
100 100 100 100
4 3 2 1
4 9 10
10 10 10 9
100 100 100 100
3 3 3 1
5 3 20
3 5 3 5 3
2 10 3 5 8
5 4 3 4 5
5 0 1
1 1 1 1 1
1000000000 1000000000 1000000000 1000000000 1000000000
1000 1000 1000 1000 1000

result:
400
300
100
39
5000000000

# 1

1
4
1 1 1 9223372036854775806
++++
1 1 1 1

1
3
1 1 1
+*+
1 2 1

1
3
1 1 1
+++
1 20 1


7
4
5 10 15 20
+*++
2 3 4 5
4
3 5 3 5
+**+
5 2 2 4
3
2023 2023 2023
***
1 2 3
3
2023 2023 2023
***
3 2 1
3
1000 1000 1000
+++
1 1 1
3
1000 1000 1000
***
1 1 1
3
10 10 10
***
100000000 100000000 100000000
